[gd_scene load_steps=8 format=3 uid="uid://bo3l0j0tchanm"]

[ext_resource type="Script" path="res://scenes/levels/Loops/loops.gd" id="1_3q05h"]
[ext_resource type="Texture2D" uid="uid://doelc6a6gh2il" path="res://assets/sprites/night.jpg" id="1_lqbbx"]
[ext_resource type="PackedScene" uid="uid://dxlt4a5d2s16m" path="res://scenes/game/diamond.tscn" id="2_22vb4"]
[ext_resource type="PackedScene" uid="uid://nlqaiovo0xd2" path="res://scenes/levels/Loops/loops.gltf" id="2_j7hmm"]

[sub_resource type="PanoramaSkyMaterial" id="PanoramaSkyMaterial_pwfno"]
panorama = ExtResource("1_lqbbx")

[sub_resource type="Sky" id="Sky_a0ymo"]
sky_material = SubResource("PanoramaSkyMaterial_pwfno")

[sub_resource type="Environment" id="Environment_pms67"]
background_mode = 2
sky = SubResource("Sky_a0ymo")
tonemap_mode = 2
ssr_max_steps = 1
ssr_fade_in = 1.883
ssr_fade_out = 0.183011
ssr_depth_tolerance = 49.71
ssao_radius = 3.55
ssao_intensity = 6.03
ssao_power = 0.11949
ssao_horizon = 1.0
glow_enabled = true

[node name="Loops" type="Node3D"]
script = ExtResource("1_3q05h")

[node name="DirectionalLight3D" type="DirectionalLight3D" parent="."]
transform = Transform3D(1, 8.35189e-23, 4.37114e-08, -4.37114e-08, 1.91069e-15, 1, 0, -1, 1.91069e-15, 0, 1000, 0)
light_color = Color(0.431373, 0.709804, 1, 1)
light_energy = 0.858
shadow_enabled = true
sky_mode = 1

[node name="WorldEnvironment" type="WorldEnvironment" parent="."]
environment = SubResource("Environment_pms67")

[node name="loops" parent="." instance=ExtResource("2_j7hmm")]

[node name="Diamonds" type="Node3D" parent="."]
transform = Transform3D(1, 0, 0, 0, 1, 0, 0, 0, 1, -9.89963, 1.83216, -20.7707)

[node name="Diamond3" parent="Diamonds" instance=ExtResource("2_22vb4")]
transform = Transform3D(1, 0, 0, 0, 1, 0, 0, 0, 1, -7.7918, 9.65507, -43.3083)

[node name="Diamond7" parent="Diamonds" instance=ExtResource("2_22vb4")]
transform = Transform3D(1, 0, 0, 0, 1, 0, 0, 0, 1, -65.9444, 16.5137, -32.4509)

[node name="Diamond10" parent="Diamonds" instance=ExtResource("2_22vb4")]
transform = Transform3D(1, 0, 0, 0, 1, 0, 0, 0, 1, -35.8195, 16.5137, -32.4509)

[node name="Diamond8" parent="Diamonds" instance=ExtResource("2_22vb4")]
transform = Transform3D(1, 0, 0, 0, 1, 0, 0, 0, 1, -50.8542, 16.1019, -16.1271)

[node name="Diamond9" parent="Diamonds" instance=ExtResource("2_22vb4")]
transform = Transform3D(1, 0, 0, 0, 1, 0, 0, 0, 1, -50.8542, 16.1019, -49.319)

[node name="Diamond23" parent="Diamonds" instance=ExtResource("2_22vb4")]
transform = Transform3D(4.81208e-06, -0.00412638, 0.999992, -0.00238237, 0.999989, 0.00412638, -0.999997, -0.00238237, -4.88858e-06, -118.972, 10.8857, -32.2051)

[node name="Diamond24" parent="Diamonds" instance=ExtResource("2_22vb4")]
transform = Transform3D(4.81208e-06, -0.00412638, 0.999992, -0.00238237, 0.999989, 0.00412638, -0.999997, -0.00238237, -4.88858e-06, -126.106, 13.8758, -32.2141)

[node name="Diamond25" parent="Diamonds" instance=ExtResource("2_22vb4")]
transform = Transform3D(4.81208e-06, -0.00412638, 0.999992, -0.00238237, 0.999989, 0.00412638, -0.999997, -0.00238237, -4.88858e-06, -129.635, 23.6708, -32.2309)

[node name="Diamond26" parent="Diamonds" instance=ExtResource("2_22vb4")]
transform = Transform3D(4.81208e-06, -0.00412638, 0.999992, -0.00238237, 0.999989, 0.00412638, -0.999997, -0.00238237, -4.88858e-06, -124.544, 33.9139, -31.8049)

[node name="Diamond27" parent="Diamonds" instance=ExtResource("2_22vb4")]
transform = Transform3D(4.81208e-06, -0.00412638, 0.999992, -0.00238237, 0.999989, 0.00412638, -0.999997, -0.00238237, -4.88858e-06, -115.265, 36.0567, -31.8985)

[node name="Diamond28" parent="Diamonds" instance=ExtResource("2_22vb4")]
transform = Transform3D(4.81208e-06, -0.00412638, 0.999992, -0.00238237, 0.999989, 0.00412638, -0.999997, -0.00238237, -4.88858e-06, -104.676, 24.4068, -32.0948)

[node name="Diamond4" parent="Diamonds" instance=ExtResource("2_22vb4")]
transform = Transform3D(1, 0, 0, 0, 1, 0, 0, 0, 1, -1.72184, 9.65507, -43.4316)

[node name="Diamond5" parent="Diamonds" instance=ExtResource("2_22vb4")]
transform = Transform3D(1, 0, 0, 0, 1, 0, 0, 0, 1, 4.5077, 9.65507, -43.4316)

[node name="Diamond6" parent="Diamonds" instance=ExtResource("2_22vb4")]
transform = Transform3D(1, 0, 0, 0, 1, 0, 0, 0, 1, 10.5167, 9.65507, -43.4316)

[node name="Diamond29" parent="Diamonds" instance=ExtResource("2_22vb4")]
transform = Transform3D(0.999997, 0.00238237, 4.84486e-06, -0.00238237, 0.999989, 0.00412638, 4.8558e-06, -0.00412638, 0.999992, -50.3231, 11.0746, -105.083)

[node name="Diamond30" parent="Diamonds" instance=ExtResource("2_22vb4")]
transform = Transform3D(0.999997, 0.00238237, 4.84486e-06, -0.00238237, 0.999989, 0.00412638, 4.8558e-06, -0.00412638, 0.999992, -50.314, 15.9902, -112.954)

[node name="Diamond31" parent="Diamonds" instance=ExtResource("2_22vb4")]
transform = Transform3D(0.999997, 0.00238237, 4.84486e-06, -0.00238237, 0.999989, 0.00412638, 4.8558e-06, -0.00412638, 0.999992, -50.2972, 23.8597, -115.162)

[node name="Diamond32" parent="Diamonds" instance=ExtResource("2_22vb4")]
transform = Transform3D(0.999997, 0.00238237, 4.84486e-06, -0.00238237, 0.999989, 0.00412638, 4.8558e-06, -0.00412638, 0.999992, -50.2788, 33.5815, -110.071)

[node name="Diamond33" parent="Diamonds" instance=ExtResource("2_22vb4")]
transform = Transform3D(0.999997, 0.00238237, 4.84486e-06, -0.00238237, 0.999989, 0.00412638, 4.8558e-06, -0.00412638, 0.999992, -50.2695, 36.2455, -101.377)

[node name="Diamond34" parent="Diamonds" instance=ExtResource("2_22vb4")]
transform = Transform3D(0.999997, 0.00238237, 4.84486e-06, -0.00238237, 0.999989, 0.00412638, 4.8558e-06, -0.00412638, 0.999992, -50.502, 24.5956, -90.2333)

[node name="Diamond35" parent="Diamonds" instance=ExtResource("2_22vb4")]
transform = Transform3D(-0.999997, -0.00238237, -4.87268e-06, -0.00238237, 0.999988, 0.00412638, -4.78327e-06, 0.00412638, -0.999992, -50.0507, 10.8556, 37.5437)

[node name="Diamond36" parent="Diamonds" instance=ExtResource("2_22vb4")]
transform = Transform3D(-0.999997, -0.00238237, -4.87268e-06, -0.00238237, 0.999988, 0.00412638, -4.78327e-06, 0.00412638, -0.999992, -50.0598, 16.6049, 45.8771)

[node name="Diamond37" parent="Diamonds" instance=ExtResource("2_22vb4")]
transform = Transform3D(-0.999997, -0.00238237, -4.87268e-06, -0.00238237, 0.999988, 0.00412638, -4.78327e-06, 0.00412638, -0.999992, -50.0766, 22.7226, 48.2066)

[node name="Diamond38" parent="Diamonds" instance=ExtResource("2_22vb4")]
transform = Transform3D(-0.999997, -0.00238237, -4.87268e-06, -0.00238237, 0.999988, 0.00412638, -4.78327e-06, 0.00412638, -0.999992, -50.095, 31.9184, 45.0504)

[node name="Diamond39" parent="Diamonds" instance=ExtResource("2_22vb4")]
transform = Transform3D(-0.999997, -0.00238237, -4.87268e-06, -0.00238237, 0.999988, 0.00412638, -4.78327e-06, 0.00412638, -0.999992, -50.2393, 36.0787, 33.8373)

[node name="Diamond40" parent="Diamonds" instance=ExtResource("2_22vb4")]
transform = Transform3D(-0.999997, -0.00238237, -4.87268e-06, -0.00238237, 0.999988, 0.00412638, -4.78327e-06, 0.00412638, -0.999992, -49.8718, 24.9735, 23.2474)

[node name="OmniLight3D" type="OmniLight3D" parent="."]
transform = Transform3D(1, 0, 0, 0, 1, 0, 0, 0, 1, 3.36606, 17.1008, -65.023)
light_color = Color(0.996078, 0.952941, 0.847059, 1)
light_energy = 2.793
light_specular = 0.0
light_bake_mode = 1
omni_range = 23.991
omni_attenuation = 0.366027

[node name="OmniLight3D2" type="OmniLight3D" parent="."]
transform = Transform3D(1, 0, 0, 0, 1, 0, 0, 0, 1, -107.88, 21.1094, -58.8636)
light_color = Color(0.996078, 0.952941, 0.847059, 1)
light_energy = 2.793
light_specular = 0.0
light_bake_mode = 1
omni_range = 23.991
omni_attenuation = 0.366027

[node name="OmniLight3D3" type="OmniLight3D" parent="."]
transform = Transform3D(1, 0, 0, 0, 1, 0, 0, 0, 1, -64.6475, 21.1094, -4.9348)
light_color = Color(0.996078, 0.952941, 0.847059, 1)
light_energy = 2.793
light_specular = 0.0
light_bake_mode = 1
omni_range = 23.991
omni_attenuation = 0.366027

[node name="OmniLight3D4" type="OmniLight3D" parent="."]
transform = Transform3D(1, 0, 0, 0, 1, 0, 0, 0, 1, -53.9717, 21.1094, -101.268)
light_color = Color(0.996078, 0.952941, 0.847059, 1)
light_energy = 2.793
light_specular = 0.0
light_bake_mode = 1
omni_range = 23.991
omni_attenuation = 0.366027

[node name="OmniLight3D5" type="OmniLight3D" parent="."]
transform = Transform3D(1, 0, 0, 0, 1, 0, 0, 0, 1, -59.585, 25.7221, -52.2633)
light_color = Color(0.996078, 0.952941, 0.847059, 1)
light_energy = 2.793
light_specular = 0.0
light_bake_mode = 1
omni_range = 23.991
omni_attenuation = 0.366027
