[gd_scene load_steps=9 format=3 uid="uid://cpqgjup1rm88v"]

[ext_resource type="Script" path="res://scenes/levels/Bounce/bounce.gd" id="1_a6gj7"]
[ext_resource type="PackedScene" uid="uid://cm5mmdv2gkg87" path="res://assets/sprites/bounce.gltf" id="1_x5hyn"]
[ext_resource type="Texture2D" uid="uid://cw8c88b8srliy" path="res://assets/sprites/hotorget.png" id="2_uasub"]
[ext_resource type="PackedScene" uid="uid://dxlt4a5d2s16m" path="res://scenes/game/diamond.tscn" id="3_cn5ut"]
[ext_resource type="PackedScene" uid="uid://t1yhm07yjyy3" path="res://scenes/game/light_sphere.tscn" id="5_1arij"]

[sub_resource type="PanoramaSkyMaterial" id="PanoramaSkyMaterial_pawxk"]
panorama = ExtResource("2_uasub")

[sub_resource type="Sky" id="Sky_ea60k"]
sky_material = SubResource("PanoramaSkyMaterial_pawxk")

[sub_resource type="Environment" id="Environment_1lkdw"]
background_mode = 2
background_energy_multiplier = 0.7
sky = SubResource("Sky_ea60k")
sky_rotation = Vector3(0, 3.14159, 0)
tonemap_mode = 2
ssr_max_steps = 1
ssr_fade_in = 1.883
ssr_fade_out = 0.183011
ssr_depth_tolerance = 49.71
ssao_radius = 3.55
ssao_intensity = 6.03
ssao_power = 0.11949
ssao_horizon = 1.0
glow_enabled = true

[node name="Bounce" type="Node3D"]
script = ExtResource("1_a6gj7")

[node name="WorldEnvironment" type="WorldEnvironment" parent="."]
environment = SubResource("Environment_1lkdw")

[node name="DirectionalLight3D" type="DirectionalLight3D" parent="."]
transform = Transform3D(1, 8.35189e-23, 4.37114e-08, -4.37114e-08, 1.91069e-15, 1, 0, -1, 1.91069e-15, 2.08165e-12, 100, 2.08165e-12)
light_energy = 0.5
shadow_enabled = true
sky_mode = 1

[node name="Diamonds" type="Node3D" parent="."]

[node name="Diamond1" parent="Diamonds" instance=ExtResource("3_cn5ut")]
transform = Transform3D(1, 0, 0, 0, 1, 0, 0, 0, 1, -0.0370791, 0.100559, -2.76172)

[node name="Diamond2" parent="Diamonds" instance=ExtResource("3_cn5ut")]
transform = Transform3D(1, 0, 0, 0, 1, 0, 0, 0, 1, -0.0370791, 0.100559, -3.79278)

[node name="Diamond3" parent="Diamonds" instance=ExtResource("3_cn5ut")]
transform = Transform3D(1, 0, 0, 0, 1, 0, 0, 0, 1, -0.0370791, 0.100559, -4.78798)

[node name="Diamond4" parent="Diamonds" instance=ExtResource("3_cn5ut")]
transform = Transform3D(1, 0, 0, 0, 1, 0, 0, 0, 1, -0.0370791, 0.100559, -5.72907)

[node name="Diamond6" parent="Diamonds" instance=ExtResource("3_cn5ut")]
transform = Transform3D(1, 0, 0, 0, 1, 0, 0, 0, 1, -0.0370791, 0.100559, -1.74607)

[node name="Diamond8" parent="Diamonds" instance=ExtResource("3_cn5ut")]
transform = Transform3D(1, 0, 0, 0, 1, 0, 0, 0, 1, -5.44311, 0.100559, -2.76172)

[node name="Diamond9" parent="Diamonds" instance=ExtResource("3_cn5ut")]
transform = Transform3D(1, 0, 0, 0, 1, 0, 0, 0, 1, -5.44311, 0.100559, -3.79278)

[node name="Diamond10" parent="Diamonds" instance=ExtResource("3_cn5ut")]
transform = Transform3D(1, 0, 0, 0, 1, 0, 0, 0, 1, -5.44311, 0.100559, -4.78798)

[node name="Diamond11" parent="Diamonds" instance=ExtResource("3_cn5ut")]
transform = Transform3D(1, 0, 0, 0, 1, 0, 0, 0, 1, -5.44311, 0.100559, -5.72907)

[node name="Diamond12" parent="Diamonds" instance=ExtResource("3_cn5ut")]
transform = Transform3D(1, 0, 0, 0, 1, 0, 0, 0, 1, -5.44311, 0.100559, 0.0756335)

[node name="Diamond13" parent="Diamonds" instance=ExtResource("3_cn5ut")]
transform = Transform3D(1, 0, 0, 0, 1, 0, 0, 0, 1, -5.44311, 0.100559, -0.919559)

[node name="Diamond14" parent="Diamonds" instance=ExtResource("3_cn5ut")]
transform = Transform3D(1, 0, 0, 0, 1, 0, 0, 0, 1, -5.44311, 0.100559, -1.86065)

[node name="Diamond15" parent="Diamonds" instance=ExtResource("3_cn5ut")]
transform = Transform3D(1, 0, 0, 0, 1, 0, 0, 0, 1, 8.46374, 4.99753, -8.62653)

[node name="Diamond16" parent="Diamonds" instance=ExtResource("3_cn5ut")]
transform = Transform3D(1, 0, 0, 0, 1, 0, 0, 0, 1, 8.46374, 4.99753, -9.6576)

[node name="Diamond17" parent="Diamonds" instance=ExtResource("3_cn5ut")]
transform = Transform3D(1, 0, 0, 0, 1, 0, 0, 0, 1, 8.46374, 4.99753, -10.6528)

[node name="Diamond18" parent="Diamonds" instance=ExtResource("3_cn5ut")]
transform = Transform3D(1, 0, 0, 0, 1, 0, 0, 0, 1, 8.46374, 4.99753, -11.5939)

[node name="Diamond19" parent="Diamonds" instance=ExtResource("3_cn5ut")]
transform = Transform3D(1, 0, 0, 0, 1, 0, 0, 0, 1, 8.46374, 4.99753, -5.78918)

[node name="Diamond20" parent="Diamonds" instance=ExtResource("3_cn5ut")]
transform = Transform3D(1, 0, 0, 0, 1, 0, 0, 0, 1, 8.46374, 4.99753, -6.78437)

[node name="Diamond21" parent="Diamonds" instance=ExtResource("3_cn5ut")]
transform = Transform3D(1, 0, 0, 0, 1, 0, 0, 0, 1, 8.46374, 4.99753, -7.72547)

[node name="Diamond22" parent="Diamonds" instance=ExtResource("3_cn5ut")]
transform = Transform3D(1, 0, 0, 0, 1, 0, 0, 0, 1, 3.05656, 4.99753, -8.62653)

[node name="Diamond23" parent="Diamonds" instance=ExtResource("3_cn5ut")]
transform = Transform3D(1, 0, 0, 0, 1, 0, 0, 0, 1, 3.05656, 4.99753, -9.6576)

[node name="Diamond24" parent="Diamonds" instance=ExtResource("3_cn5ut")]
transform = Transform3D(1, 0, 0, 0, 1, 0, 0, 0, 1, 3.05656, 4.99753, -10.6528)

[node name="Diamond25" parent="Diamonds" instance=ExtResource("3_cn5ut")]
transform = Transform3D(1, 0, 0, 0, 1, 0, 0, 0, 1, 3.05656, 4.99753, -11.5939)

[node name="Diamond26" parent="Diamonds" instance=ExtResource("3_cn5ut")]
transform = Transform3D(1, 0, 0, 0, 1, 0, 0, 0, 1, 3.05656, 4.99753, -5.78918)

[node name="Diamond27" parent="Diamonds" instance=ExtResource("3_cn5ut")]
transform = Transform3D(1, 0, 0, 0, 1, 0, 0, 0, 1, 3.05656, 4.99753, -6.78437)

[node name="Diamond28" parent="Diamonds" instance=ExtResource("3_cn5ut")]
transform = Transform3D(1, 0, 0, 0, 1, 0, 0, 0, 1, 3.05656, 4.99753, -7.72547)

[node name="Diamond29" parent="Diamonds" instance=ExtResource("3_cn5ut")]
transform = Transform3D(-4.37114e-08, 0, 1, 0, 1, 0, -1, 0, -4.37114e-08, -1.52848, 2.95921, -12.2028)

[node name="Diamond30" parent="Diamonds" instance=ExtResource("3_cn5ut")]
transform = Transform3D(-4.37114e-08, 0, 1, 0, 1, 0, -1, 0, -4.37114e-08, -2.55955, 2.95921, -12.2028)

[node name="Diamond31" parent="Diamonds" instance=ExtResource("3_cn5ut")]
transform = Transform3D(-4.37114e-08, 0, 1, 0, 1, 0, -1, 0, -4.37114e-08, -3.55474, 2.95921, -12.2028)

[node name="Diamond32" parent="Diamonds" instance=ExtResource("3_cn5ut")]
transform = Transform3D(-4.37114e-08, 0, 1, 0, 1, 0, -1, 0, -4.37114e-08, -4.49584, 2.95921, -12.2028)

[node name="Diamond33" parent="Diamonds" instance=ExtResource("3_cn5ut")]
transform = Transform3D(-4.37114e-08, 0, 1, 0, 1, 0, -1, 0, -4.37114e-08, 1.30887, 2.95921, -12.2028)

[node name="Diamond34" parent="Diamonds" instance=ExtResource("3_cn5ut")]
transform = Transform3D(-4.37114e-08, 0, 1, 0, 1, 0, -1, 0, -4.37114e-08, 0.313673, 2.95921, -12.2028)

[node name="Diamond35" parent="Diamonds" instance=ExtResource("3_cn5ut")]
transform = Transform3D(-4.37114e-08, 0, 1, 0, 1, 0, -1, 0, -4.37114e-08, -0.627421, 2.95921, -12.2028)

[node name="Diamond36" parent="Diamonds" instance=ExtResource("3_cn5ut")]
transform = Transform3D(-4.37114e-08, 0, 1, 0, 1, 0, -1, 0, -4.37114e-08, -1.52848, 2.95921, -6.78395)

[node name="Diamond37" parent="Diamonds" instance=ExtResource("3_cn5ut")]
transform = Transform3D(-4.37114e-08, 0, 1, 0, 1, 0, -1, 0, -4.37114e-08, -2.55955, 2.95921, -6.78395)

[node name="Diamond38" parent="Diamonds" instance=ExtResource("3_cn5ut")]
transform = Transform3D(-4.37114e-08, 0, 1, 0, 1, 0, -1, 0, -4.37114e-08, -3.55474, 2.95921, -6.78395)

[node name="Diamond39" parent="Diamonds" instance=ExtResource("3_cn5ut")]
transform = Transform3D(-4.37114e-08, 0, 1, 0, 1, 0, -1, 0, -4.37114e-08, -4.49584, 2.95921, -6.78395)

[node name="Diamond40" parent="Diamonds" instance=ExtResource("3_cn5ut")]
transform = Transform3D(-4.37114e-08, 0, 1, 0, 1, 0, -1, 0, -4.37114e-08, 1.30887, 2.95921, -6.78395)

[node name="Diamond41" parent="Diamonds" instance=ExtResource("3_cn5ut")]
transform = Transform3D(-4.37114e-08, 0, 1, 0, 1, 0, -1, 0, -4.37114e-08, 0.313674, 2.95921, -6.78395)

[node name="Diamond42" parent="Diamonds" instance=ExtResource("3_cn5ut")]
transform = Transform3D(-4.37114e-08, 0, 1, 0, 1, 0, -1, 0, -4.37114e-08, -0.627421, 2.95921, -6.78395)

[node name="Diamond43" parent="Diamonds" instance=ExtResource("3_cn5ut")]
transform = Transform3D(-4.37114e-08, 0, 1, 0, 1, 0, -1, 0, -4.37114e-08, 5.05335, 7.41698, 1.82256)

[node name="Diamond44" parent="Diamonds" instance=ExtResource("3_cn5ut")]
transform = Transform3D(-4.37114e-08, 0, 1, 0, 1, 0, -1, 0, -4.37114e-08, 4.02229, 7.41698, 1.82256)

[node name="Diamond45" parent="Diamonds" instance=ExtResource("3_cn5ut")]
transform = Transform3D(-4.37114e-08, 0, 1, 0, 1, 0, -1, 0, -4.37114e-08, 3.0271, 7.41698, 1.82256)

[node name="Diamond46" parent="Diamonds" instance=ExtResource("3_cn5ut")]
transform = Transform3D(-4.37114e-08, 0, 1, 0, 1, 0, -1, 0, -4.37114e-08, 2.086, 7.41698, 1.82256)

[node name="Diamond47" parent="Diamonds" instance=ExtResource("3_cn5ut")]
transform = Transform3D(-4.37114e-08, 0, 1, 0, 1, 0, -1, 0, -4.37114e-08, 7.8907, 7.41698, 1.82256)

[node name="Diamond48" parent="Diamonds" instance=ExtResource("3_cn5ut")]
transform = Transform3D(-4.37114e-08, 0, 1, 0, 1, 0, -1, 0, -4.37114e-08, 6.89551, 7.41698, 1.82256)

[node name="Diamond49" parent="Diamonds" instance=ExtResource("3_cn5ut")]
transform = Transform3D(-4.37114e-08, 0, 1, 0, 1, 0, -1, 0, -4.37114e-08, 5.95442, 7.41698, 1.82256)

[node name="bounce" parent="." instance=ExtResource("1_x5hyn")]
transform = Transform3D(1, 0, 0, 0, 1, 0, 0, 0, 1, 2.08165e-12, 2.08165e-12, 2.08165e-12)

[node name="Spotlights" type="Node3D" parent="."]

[node name="SpotLight3D2" type="SpotLight3D" parent="Spotlights"]
transform = Transform3D(1, 0, 0, 0, -0.0516215, 0.998667, 0, -0.998667, -0.0516215, -0.803349, 1.4795, -4.50331)
light_color = Color(0.964706, 0, 0.494118, 1)
light_indirect_energy = 0.0
light_volumetric_fog_energy = 0.0
light_size = 0.651
light_specular = 0.0
spot_attenuation = 0.707107
spot_angle = 90.0

[node name="SpotLight3D3" type="SpotLight3D" parent="Spotlights"]
transform = Transform3D(1, 0, 0, 0, -0.0516215, 0.998667, 0, -0.998667, -0.0516215, -0.803349, 1.4795, -1.03296)
light_color = Color(0.964706, 0, 0.494118, 1)
light_indirect_energy = 0.0
light_volumetric_fog_energy = 0.0
light_size = 0.651
light_specular = 0.0
spot_attenuation = 0.707107
spot_angle = 90.0

[node name="SpotLight3D4" type="SpotLight3D" parent="Spotlights"]
transform = Transform3D(1, 0, 0, 0, -0.0516215, 0.998667, 0, -0.998667, -0.0516215, -4.82523, 1.4795, -1.66422)
light_color = Color(0.964706, 0, 0.494118, 1)
light_indirect_energy = 0.0
light_volumetric_fog_energy = 0.0
light_size = 0.651
light_specular = 0.0
spot_attenuation = 0.707107
spot_angle = 90.0

[node name="SpotLight3D5" type="SpotLight3D" parent="Spotlights"]
transform = Transform3D(1, 0, 0, 0, -0.0516215, 0.998667, 0, -0.998667, -0.0516215, -4.82523, 1.4795, -4.58594)
light_color = Color(0.964706, 0, 0.494118, 1)
light_indirect_energy = 0.0
light_volumetric_fog_energy = 0.0
light_size = 0.651
light_specular = 0.0
spot_attenuation = 0.707107
spot_angle = 90.0

[node name="SpotLight3D6" type="SpotLight3D" parent="Spotlights"]
transform = Transform3D(1, 0, 0, 0, -0.0516215, 0.998667, 0, -0.998667, -0.0516215, 0.27279, 4.25101, -11.0187)
light_color = Color(0.478431, 0.768627, 0.215686, 1)
light_energy = 2.0
light_indirect_energy = 0.0
light_volumetric_fog_energy = 0.0
light_size = 0.651
light_specular = 0.0
spot_attenuation = 0.707107
spot_angle = 90.0

[node name="SpotLight3D7" type="SpotLight3D" parent="Spotlights"]
transform = Transform3D(1, 0, 0, 0, -0.0516215, 0.998667, 0, -0.998667, -0.0516215, 0.27279, 4.25101, -7.54834)
light_color = Color(0.478431, 0.768627, 0.215686, 1)
light_energy = 2.0
light_indirect_energy = 0.0
light_volumetric_fog_energy = 0.0
light_size = 0.651
light_specular = 0.0
spot_attenuation = 0.707107
spot_angle = 90.0

[node name="SpotLight3D8" type="SpotLight3D" parent="Spotlights"]
transform = Transform3D(1, 0, 0, 0, -0.0516215, 0.998667, 0, -0.998667, -0.0516215, -3.74909, 4.25101, -8.1796)
light_color = Color(0.478431, 0.768627, 0.215686, 1)
light_energy = 2.0
light_indirect_energy = 0.0
light_volumetric_fog_energy = 0.0
light_size = 0.651
light_specular = 0.0
spot_attenuation = 0.707107
spot_angle = 90.0

[node name="SpotLight3D9" type="SpotLight3D" parent="Spotlights"]
transform = Transform3D(1, 0, 0, 0, -0.0516215, 0.998667, 0, -0.998667, -0.0516215, -3.74909, 4.25101, -11.1013)
light_color = Color(0.478431, 0.768627, 0.215686, 1)
light_energy = 2.0
light_indirect_energy = 0.0
light_volumetric_fog_energy = 0.0
light_size = 0.651
light_specular = 0.0
spot_attenuation = 0.707107
spot_angle = 90.0

[node name="SpotLight3D10" type="SpotLight3D" parent="Spotlights"]
transform = Transform3D(0.999998, -0.00156961, 0.000817516, -0.000897746, -0.0518135, 0.998656, -0.00152514, -0.998656, -0.0518148, 7.50267, 6.09771, -10.1375)
light_color = Color(0, 0.752941, 0.878431, 1)
light_energy = 2.0
light_indirect_energy = 0.0
light_volumetric_fog_energy = 0.0
light_size = 0.651
light_specular = 0.0
spot_attenuation = 0.707107
spot_angle = 90.0

[node name="SpotLight3D11" type="SpotLight3D" parent="Spotlights"]
transform = Transform3D(1, 0, 0, 0, -0.0516215, 0.998667, 0, -0.998667, -0.0516215, 7.50267, 6.09771, -6.66715)
light_color = Color(0, 0.752941, 0.878431, 1)
light_energy = 2.0
light_indirect_energy = 0.0
light_volumetric_fog_energy = 0.0
light_size = 0.651
light_specular = 0.0
spot_attenuation = 0.707107
spot_angle = 90.0

[node name="SpotLight3D12" type="SpotLight3D" parent="Spotlights"]
transform = Transform3D(1, 0, 0, 0, -0.0516215, 0.998667, 0, -0.998667, -0.0516215, 3.57074, 6.09771, -7.29841)
light_color = Color(0, 0.752941, 0.878431, 1)
light_energy = 2.0
light_indirect_energy = 0.0
light_volumetric_fog_energy = 0.0
light_size = 0.651
light_specular = 0.0
spot_attenuation = 0.707107
spot_angle = 90.0

[node name="SpotLight3D13" type="SpotLight3D" parent="Spotlights"]
transform = Transform3D(1, 0, 0, 0, -0.0516215, 0.998667, 0, -0.998667, -0.0516215, 3.57074, 6.09771, -10.2201)
light_color = Color(0, 0.752941, 0.878431, 1)
light_energy = 2.0
light_indirect_energy = 0.0
light_volumetric_fog_energy = 0.0
light_size = 0.651
light_specular = 0.0
spot_attenuation = 0.707107
spot_angle = 90.0

[node name="SpotLight3D14" type="SpotLight3D" parent="Spotlights"]
transform = Transform3D(0.999998, -0.00156961, 0.000817516, -0.000897746, -0.0518135, 0.998656, -0.00152514, -0.998656, -0.0518148, 7.04125, 8.46585, -2.73914)
light_color = Color(0.741176, 0.831373, 0.243137, 1)
light_energy = 2.0
light_indirect_energy = 0.0
light_volumetric_fog_energy = 0.0
light_size = 0.651
light_specular = 0.0
spot_attenuation = 0.707107
spot_angle = 90.0

[node name="SpotLight3D15" type="SpotLight3D" parent="Spotlights"]
transform = Transform3D(1, 0, 0, 0, -0.0516215, 0.998667, 0, -0.998667, -0.0516215, 7.04125, 8.46585, 0.731209)
light_color = Color(0.741176, 0.831373, 0.243137, 1)
light_energy = 2.0
light_indirect_energy = 0.0
light_volumetric_fog_energy = 0.0
light_size = 0.651
light_specular = 0.0
spot_attenuation = 0.707107
spot_angle = 90.0

[node name="SpotLight3D16" type="SpotLight3D" parent="Spotlights"]
transform = Transform3D(1, 0, 0, 0, -0.0516215, 0.998667, 0, -0.998667, -0.0516215, 3.01937, 8.46585, 0.0999507)
light_color = Color(0.741176, 0.831373, 0.243137, 1)
light_energy = 2.0
light_indirect_energy = 0.0
light_volumetric_fog_energy = 0.0
light_size = 0.651
light_specular = 0.0
spot_attenuation = 0.707107
spot_angle = 90.0

[node name="SpotLight3D17" type="SpotLight3D" parent="Spotlights"]
transform = Transform3D(1, 0, 0, 0, -0.0516215, 0.998667, 0, -0.998667, -0.0516215, 3.01937, 8.46585, -2.82177)
light_color = Color(0.741176, 0.831373, 0.243137, 1)
light_energy = 2.0
light_indirect_energy = 0.0
light_volumetric_fog_energy = 0.0
light_size = 0.651
light_specular = 0.0
spot_attenuation = 0.707107
spot_angle = 90.0

[node name="SpotLight3D18" type="SpotLight3D" parent="Spotlights"]
transform = Transform3D(0.999998, -0.00156961, 0.000817516, -0.000897746, -0.0518135, 0.998656, -0.00152514, -0.998656, -0.0518148, 7.04125, 8.46585, -2.73914)
light_color = Color(0.741176, 0.831373, 0.243137, 1)
light_energy = 2.0
light_indirect_energy = 0.0
light_volumetric_fog_energy = 0.0
light_size = 0.651
light_specular = 0.0
spot_attenuation = 0.707107
spot_angle = 90.0

[node name="SpotLight3D19" type="SpotLight3D" parent="Spotlights"]
transform = Transform3D(1, 0, 0, 0, -0.0516215, 0.998667, 0, -0.998667, -0.0516215, 7.04125, 8.46585, 0.731209)
light_color = Color(0.741176, 0.831373, 0.243137, 1)
light_energy = 2.0
light_indirect_energy = 0.0
light_volumetric_fog_energy = 0.0
light_size = 0.651
light_specular = 0.0
spot_attenuation = 0.707107
spot_angle = 90.0

[node name="SpotLight3D20" type="SpotLight3D" parent="Spotlights"]
transform = Transform3D(1, 0, 0, 0, -0.0516215, 0.998667, 0, -0.998667, -0.0516215, 3.01937, 8.46585, 0.0999507)
light_color = Color(0.741176, 0.831373, 0.243137, 1)
light_energy = 2.0
light_indirect_energy = 0.0
light_volumetric_fog_energy = 0.0
light_size = 0.651
light_specular = 0.0
spot_attenuation = 0.707107
spot_angle = 90.0

[node name="SpotLight3D21" type="SpotLight3D" parent="Spotlights"]
transform = Transform3D(1, 0, 0, 0, -0.0516215, 0.998667, 0, -0.998667, -0.0516215, 3.01937, 8.46585, -2.82177)
light_color = Color(0.741176, 0.831373, 0.243137, 1)
light_energy = 2.0
light_indirect_energy = 0.0
light_volumetric_fog_energy = 0.0
light_size = 0.651
light_specular = 0.0
spot_attenuation = 0.707107
spot_angle = 90.0

[node name="LightSphere5" parent="Spotlights" instance=ExtResource("5_1arij")]
transform = Transform3D(1, 0, 0, 0, 1, 0, 0, 0, 1, -2.66454, 4.30713, -2.8344)
pixel_size = 0.0005

[node name="LightSphere6" parent="Spotlights" instance=ExtResource("5_1arij")]
transform = Transform3D(1, 0, 0, 0, 1, 0, 0, 0, 1, -1.47929, 7.1837, -9.45925)
pixel_size = 0.0005

[node name="LightSphere7" parent="Spotlights" instance=ExtResource("5_1arij")]
transform = Transform3D(1, 0, 0, 0, 1, 0, 0, 0, 1, 5.80011, 9.17565, -8.72883)
pixel_size = 0.0005

[node name="LightSphere8" parent="Spotlights" instance=ExtResource("5_1arij")]
transform = Transform3D(1, 0, 0, 0, 1, 0, 0, 0, 1, 4.91951, 11.5011, -1.29634)
pixel_size = 0.0005
