[gd_scene load_steps=13 format=3 uid="uid://dl35n4qe6s3mk"]

[ext_resource type="Script" path="res://scenes/levels/Rollercoaster/rollercoaster.gd" id="1_dg1qn"]
[ext_resource type="Texture2D" uid="uid://igobwxi8q2xm" path="res://assets/sprites/clouds.png" id="1_sp1n3"]
[ext_resource type="PackedScene" uid="uid://bc4d0bcj4el45" path="res://assets/sprites/rollercoaster.gltf" id="2_utgi7"]
[ext_resource type="PackedScene" uid="uid://dxlt4a5d2s16m" path="res://scenes/game/diamond.tscn" id="4_j8knc"]
[ext_resource type="PackedScene" uid="uid://dexyp2wo1yx7k" path="res://scenes/game/gate.tscn" id="5_47qnh"]
[ext_resource type="PackedScene" uid="uid://t1yhm07yjyy3" path="res://scenes/game/light_sphere.tscn" id="6_vm0x6"]

[sub_resource type="PanoramaSkyMaterial" id="PanoramaSkyMaterial_yvh6e"]
panorama = ExtResource("1_sp1n3")

[sub_resource type="Sky" id="Sky_7rwxe"]
sky_material = SubResource("PanoramaSkyMaterial_yvh6e")

[sub_resource type="Environment" id="Environment_vav6j"]
background_mode = 2
sky = SubResource("Sky_7rwxe")

[sub_resource type="Animation" id="Animation_xbgtk"]
length = 0.001
tracks/0/type = "value"
tracks/0/imported = false
tracks/0/enabled = true
tracks/0/path = NodePath("SphereAnim:position")
tracks/0/interp = 1
tracks/0/loop_wrap = true
tracks/0/keys = {
"times": PackedFloat32Array(0),
"transitions": PackedFloat32Array(1),
"update": 0,
"values": [Vector3(-1.42815, -4.24823, -5.96757)]
}

[sub_resource type="Animation" id="Animation_5ot3u"]
resource_name = "new_animation"
length = 0.75
loop_mode = 2
tracks/0/type = "value"
tracks/0/imported = false
tracks/0/enabled = true
tracks/0/path = NodePath("SphereAnim:position")
tracks/0/interp = 1
tracks/0/loop_wrap = true
tracks/0/keys = {
"times": PackedFloat32Array(0, 0.7),
"transitions": PackedFloat32Array(1, 1),
"update": 0,
"values": [Vector3(-1.42815, -4.24823, -5.96757), Vector3(1.336, -5, -21.676)]
}

[sub_resource type="AnimationLibrary" id="AnimationLibrary_urk4t"]
_data = {
"RESET": SubResource("Animation_xbgtk"),
"new_animation": SubResource("Animation_5ot3u")
}

[node name="Rollercoaster" type="Node3D"]
script = ExtResource("1_dg1qn")

[node name="DirectionalLight3D" type="DirectionalLight3D" parent="."]
transform = Transform3D(1, 8.35189e-23, 4.37114e-08, -4.37114e-08, 1.91069e-15, 1, 0, -1, 1.91069e-15, 0, 1000, 0)
light_energy = 2.0
shadow_enabled = true
sky_mode = 1

[node name="WorldEnvironment" type="WorldEnvironment" parent="."]
environment = SubResource("Environment_vav6j")

[node name="rollercoaster" parent="." instance=ExtResource("2_utgi7")]

[node name="Gate" parent="." instance=ExtResource("5_47qnh")]
transform = Transform3D(1, 0, 0, 0, 1, 0, 0, 0, 1, -0.009, 0.119137, -2.44339)

[node name="Diamonds" type="Node3D" parent="."]

[node name="Diamond1" parent="Diamonds" instance=ExtResource("4_j8knc")]
transform = Transform3D(0.999905, 0, 0.0137877, 0, 1, 0, -0.0137877, 0, 0.999905, 0.149555, -0.423873, -4.34951)

[node name="Diamond2" parent="Diamonds" instance=ExtResource("4_j8knc")]
transform = Transform3D(1, 0, 0, 0, 1, 0, 0, 0, 1, 1.40903, -0.993587, -5.6182)

[node name="Diamond3" parent="Diamonds" instance=ExtResource("4_j8knc")]
transform = Transform3D(1, 0, 0, 0, 1, 0, 0, 0, 1, 3.40655, -1.69926, -5.81702)

[node name="Diamond4" parent="Diamonds" instance=ExtResource("4_j8knc")]
transform = Transform3D(1, 0, 0, 0, 1, 0, 0, 0, 1, 5.26776, -2.13907, -4.2983)

[node name="Diamond5" parent="Diamonds" instance=ExtResource("4_j8knc")]
transform = Transform3D(1, 0, 0, 0, 1, 0, 0, 0, 1, 5.46943, -2.71907, -1.81007)

[node name="Diamond11" parent="Diamonds" instance=ExtResource("4_j8knc")]
transform = Transform3D(1, 0, 0, 0, 1, 0, 0, 0, 1, 4.68192, -3.10607, -0.504066)

[node name="Diamond6" parent="Diamonds" instance=ExtResource("4_j8knc")]
transform = Transform3D(0.999241, 0, -0.0389633, 0, 1, 0, 0.0389633, 0, 0.999241, 3.05204, -3.50707, 0.490757)

[node name="Diamond7" parent="Diamonds" instance=ExtResource("4_j8knc")]
transform = Transform3D(1, 0, 0, 0, 1, 0, 0, 0, 1, 1.46455, -3.95507, 0.554061)

[node name="Diamond8" parent="Diamonds" instance=ExtResource("4_j8knc")]
transform = Transform3D(1, 0, 0, 0, 1, 0, 0, 0, 1, -0.72845, -4.40907, -0.577066)

[node name="Diamond9" parent="Diamonds" instance=ExtResource("4_j8knc")]
transform = Transform3D(1, 0, 0, 0, 1, 0, 0, 0, 1, -1.60645, -4.88407, -2.19107)

[node name="Diamond10" parent="Diamonds" instance=ExtResource("4_j8knc")]
transform = Transform3D(1, 0, 0, 0, 1, 0, 0, 0, 1, -1.66845, -5.09807, -3.75369)

[node name="13" parent="Diamonds" instance=ExtResource("4_j8knc")]
transform = Transform3D(0.995895, 0, 0.0905109, 0, 1, 0, -0.0905109, 0, 0.995895, 1.80519, -6.29089, -23.9099)

[node name="14" parent="Diamonds" instance=ExtResource("4_j8knc")]
transform = Transform3D(0.995895, 0, 0.0905109, 0, 1, 0, -0.0905109, 0, 0.995895, 2.08113, -5.48483, -25.4659)

[node name="15" parent="Diamonds" instance=ExtResource("4_j8knc")]
transform = Transform3D(0.995895, 0, 0.0905109, 0, 1, 0, -0.0905109, 0, 0.995895, 2.24528, -4.20183, -26.5859)

[node name="16" parent="Diamonds" instance=ExtResource("4_j8knc")]
transform = Transform3D(0.995895, 0, 0.0905109, 0, 1, 0, -0.0905109, 0, 0.995895, 2.25434, -2.38283, -27.1449)

[node name="21" parent="Diamonds" instance=ExtResource("4_j8knc")]
transform = Transform3D(0.995895, 0, 0.0905109, 0, 1, 0, -0.0905109, 0, 0.995895, 1.99761, -0.86283, -27.1309)

[node name="24" parent="Diamonds" instance=ExtResource("4_j8knc")]
transform = Transform3D(0.995895, 0, 0.0905109, 0, 1, 0, -0.0905109, 0, 0.995895, 1.56213, 0.67217, -26.4909)

[node name="25" parent="Diamonds" instance=ExtResource("4_j8knc")]
transform = Transform3D(0.995895, 0, 0.0905109, 0, 1, 0, -0.0905109, 0, 0.995895, 0.869732, 1.89817, -25.3749)

[node name="17" parent="Diamonds" instance=ExtResource("4_j8knc")]
transform = Transform3D(0.995895, 0, 0.0905109, 0, 1, 0, -0.0905109, 0, 0.995895, -0.549865, 2.49717, -22.9597)

[node name="18" parent="Diamonds" instance=ExtResource("4_j8knc")]
transform = Transform3D(0.995895, 0, 0.0905109, 0, 1, 0, -0.0905109, 0, 0.995895, -1.40387, 2.20129, -21.8009)

[node name="19" parent="Diamonds" instance=ExtResource("4_j8knc")]
transform = Transform3D(0.995895, 0, 0.0905109, 0, 1, 0, -0.0905109, 0, 0.995895, -2.62056, 0.51817, -20.2727)

[node name="20" parent="Diamonds" instance=ExtResource("4_j8knc")]
transform = Transform3D(0.995895, 0, 0.0905109, 0, 1, 0, -0.0905109, 0, 0.995895, -3.32577, -1.40583, -19.8556)

[node name="22" parent="Diamonds" instance=ExtResource("4_j8knc")]
transform = Transform3D(0.995895, 2.16957e-10, 0.090511, -0.000799325, 0.999961, 0.00879501, -0.0905074, -0.00883125, 0.995857, -3.83787, -3.42283, -20.4399)

[node name="23" parent="Diamonds" instance=ExtResource("4_j8knc")]
transform = Transform3D(0.989131, 0.115557, 0.0909209, -0.115881, 0.993262, -0.0017235, -0.0905074, -0.00883124, 0.995857, -3.69887, -5.71898, -23.4659)

[node name="26" parent="Diamonds" instance=ExtResource("4_j8knc")]
transform = Transform3D(0.995895, 2.16957e-10, 0.090511, -0.000799325, 0.999961, 0.00879501, -0.0905074, -0.00883125, 0.995857, 5.88713, -8.87298, -65.6429)

[node name="27" parent="Diamonds" instance=ExtResource("4_j8knc")]
transform = Transform3D(0.995895, 2.16957e-10, 0.090511, -0.000799325, 0.999961, 0.00879501, -0.0905074, -0.00883125, 0.995857, 5.88713, -8.87298, -67.7929)

[node name="28" parent="Diamonds" instance=ExtResource("4_j8knc")]
transform = Transform3D(0.995895, 2.16957e-10, 0.090511, -0.000799325, 0.999961, 0.00879501, -0.0905074, -0.00883125, 0.995857, 5.88713, -8.81498, -70.6139)

[node name="29" parent="Diamonds" instance=ExtResource("4_j8knc")]
transform = Transform3D(0.995895, 2.16957e-10, 0.090511, -0.000799325, 0.999961, 0.00879501, -0.0905074, -0.00883125, 0.995857, 5.88713, -8.81498, -73.4429)

[node name="30" parent="Diamonds" instance=ExtResource("4_j8knc")]
transform = Transform3D(0.995895, 2.16957e-10, 0.090511, -0.000799325, 0.999961, 0.00879501, -0.0905074, -0.00883125, 0.995857, 5.88713, -8.81498, -76.5989)

[node name="31" parent="Diamonds" instance=ExtResource("4_j8knc")]
transform = Transform3D(0.995895, 2.16957e-10, 0.090511, -0.000799325, 0.999961, 0.00879501, -0.0905074, -0.00883125, 0.995857, 5.88713, -8.81498, -79.6439)

[node name="32" parent="Diamonds" instance=ExtResource("4_j8knc")]
transform = Transform3D(0.995895, 2.16957e-10, 0.090511, -0.000799325, 0.999961, 0.00879501, -0.0905074, -0.00883125, 0.995857, 5.88713, -8.81498, -82.2079)

[node name="33" parent="Diamonds" instance=ExtResource("4_j8knc")]
transform = Transform3D(0.995895, 2.16957e-10, 0.090511, -0.000799325, 0.999961, 0.00879501, -0.0905074, -0.00883125, 0.995857, 5.88713, -8.81498, -86.7779)

[node name="Lights" type="Node3D" parent="."]

[node name="LightSphere10" parent="Lights" instance=ExtResource("6_vm0x6")]
transform = Transform3D(1, 0, 0, 0, 1, 0, 0, 0, 1, 0.0634843, -0.278468, -4.09715)
pixel_size = 0.0002

[node name="LightSphere13" parent="Lights" instance=ExtResource("6_vm0x6")]
transform = Transform3D(1, 0, 0, 0, 1, 0, 0, 0, 1, 5.60573, -2.4094, -2.97754)
pixel_size = 0.0002

[node name="LightSphere17" parent="Lights" instance=ExtResource("6_vm0x6")]
transform = Transform3D(1, 0, 0, 0, 1, 0, 0, 0, 1, 0.411119, -4.10806, 0.178037)
pixel_size = 0.0002

[node name="AnimationPlayer" type="AnimationPlayer" parent="Lights"]
libraries = {
"": SubResource("AnimationLibrary_urk4t")
}
autoplay = "new_animation"

[node name="SphereAnim" parent="Lights" instance=ExtResource("6_vm0x6")]
transform = Transform3D(1, 0, 0, 0, 1, 0, 0, 0, 1, -1.42815, -4.24823, -5.96757)
pixel_size = 0.0005

[node name="LightSphere4" parent="Lights" instance=ExtResource("6_vm0x6")]
transform = Transform3D(1, 0, 0, 0, 1, 0, 0, 0, 1, -1.02387, -1.56075, -24.3018)
pixel_size = 0.0005

[node name="LightSphere5" parent="Lights" instance=ExtResource("6_vm0x6")]
transform = Transform3D(1, 0, 0, 0, 1, 0, 0, 0, 1, 5.1276, -1.6878, -57.7181)
pixel_size = 0.0005

[node name="LightSphere6" parent="Lights" instance=ExtResource("6_vm0x6")]
transform = Transform3D(1, 0, 0, 0, 1, 0, 0, 0, 1, 5.87403, -8.39193, -66.1604)
pixel_size = 0.0005

[node name="LightSphere7" parent="Lights" instance=ExtResource("6_vm0x6")]
transform = Transform3D(1, 0, 0, 0, 1, 0, 0, 0, 1, 5.87403, -8.39193, -73.6572)
pixel_size = 0.0005

[node name="LightSphere9" parent="Lights" instance=ExtResource("6_vm0x6")]
transform = Transform3D(1, 0, 0, 0, 1, 0, 0, 0, 1, 5.87403, -8.39193, -87.7053)
pixel_size = 0.0005
